    # pa  0
        7,  166,  279,  481, 1750,
        7,  161,  250,  438, 1750,
        7,  166,  278,  438, 1750,
        7,  165,  188,  580, 1750,
        7,  193,  233,  438, 1750,
        7,  193,  259,  451, 1750,
        7,  158,  249,  473, 1750,
        7,  196,  229,  471, 1750,
        7,  180,  239,  438, 1750,
        7,  205,  235,  438, 1750,
        7,  186,  296,  438, 1750,
        7,  195,  254,  438, 1750,
        7,  188,  248,  452, 1750,
        7,  173,  204,  438, 1750,
        7,  198,  306,  710, 1750,
        7,  187,  207,  517, 1750,
        7,  154,  203,  492, 1750,
        7,  182,  261,  566, 1750,
        7,  158,  260,  672, 1750,
        7,  199,  338,  746, 1883,
    # pa  1
        7,  128,  221,  438, 1750,
        7,  164,  234,  438, 1750,
        7,  180,  260,  438, 1750,
        7,   97,  295,  438, 1750,
        7,  200,  246,  438, 1750,
        7,  206,  245,  439, 1750,
        7,  190,  234,  438, 1750,
        7,  182,  239,  470, 1750,
        7,  109,  196,  438, 1750,
        7,  189,  272,  438, 1750,
        7,  147,  231,  438, 1750,
        7,  202,  268,  438, 1750,
        7,  232,  308,  438, 1750,
        7,  145,  182,  438, 1750,
        7,  144,  203,  438, 1750,
        7,  159,  231,  438, 1750,
        7,  151,  215,  438, 1750,
        7,  200,  383,  438, 1750,
        7,  149,  284,  438, 1750,
        7,  172,  258,  438, 1750,
    # pa  2
        7,  174,  277,  440, 1750,
        7,  199,  286,  447, 1750,
        7,  182,  265,  438, 1750,
        7,  182,  233,  438, 1750,
        7,  181,  249,  438, 1750,
        7,  181,  205,  438, 1750,
        7,  188,  242,  438, 1750,
        7,  193,  271,  438, 1750,
        7,  166,  237,  438, 1750,
        7,  188,  276,  438, 1750,
        7,  183,  294,  471, 1750,
        7,  186,  268,  495, 1750,
        7,  163,  309,  478, 1750,
        7,  175,  282,  438, 1750,
        7,  191,  233,  474, 1750,
        7,  175,  302,  526, 1750,
        7,  162,  251,  438, 1750,
        7,  185,  229,  438, 1750,
        7,  167,  246,  438, 1750,
        7,  108,  288,  574, 1750,
    # pa  3
        7,  192,  599, 1553, 4223,
        7,  191,  587, 1267, 3730,
        7,  191,  630, 1210, 3570,
        7,  189,  568, 1185, 3293,
        7,  201,  530, 1352, 3703,
        7,  185,  526, 1429, 3521,
        7,  160,  465,  791, 2674,
        7,  182,  544, 1373, 3586,
        7,  178,  473, 1060, 3131,
        7,  160,  396,  791, 2469,
        7,  146,  413, 1051, 3256,
        7,  148,  430,  752, 2816,
        7,  167,  478, 1184, 3401,
        7,  163,  478, 1040, 3378,
        7,  182,  538, 1041, 3479,
        7,  188,  560, 1354, 3865,
        7,  182,  559, 1326, 3673,
        7,  183,  543, 1021, 3272,
        7,  187,  561, 1236, 3692,
        7,  148,  420,  992, 2595,
    # pa  4
        7,  127,  290,  974, 1750,
        7,  185,  386,  885, 2397,
        7,  151,  290,  678, 2209,
        7,  127,  433,  967, 1750,
        7,  127,  301,  615, 1750,
        7,  127,  290,  615, 1750,
        7,  127,  290,  615, 2084,
        7,  185,  386,  881, 2459,
        7,  189,  408,  928, 2334,
        7,  151,  369,  885, 2084,
        7,  151,  369,  885, 2209,
        7,  146,  290,  615, 2147,
        7,  127,  369,  885, 1750,
        7,  154,  386,  881, 2147,
        7,  127,  290,  615, 1750,
        7,  158,  369,  885, 2209,
        7,  158,  386,  881, 2397,
        7,  150,  290,  615, 2209,
        7,  189,  408,  928, 2459,
        7,  153,  386, 1281, 1750,
    # pa  5
        7,  223,  482, 1891, 3541,
        7,  358,  537,  864, 3519,
        7,  370,  556, 1105, 3545,
        7,  417,  628, 1101, 3629,
        7,  407,  693, 1553, 3453,
        7,  197,  539, 1092, 2548,
        7,  186,  399, 1097, 2319,
        7,  202,  389, 1088, 2174,
        7,  216,  361, 1315, 2794,
        7,  215,  433, 1312, 2778,
        7,  171,  306,  993, 2097,
        7,  254,  650, 1558, 2996,
        7,  189,  666, 1190, 2995,
        7,  214,  424, 1286, 2959,
        7,  220,  543, 1346, 2904,
        7,  211,  636, 1281, 2699,
        7,  194,  530, 1113, 2652,
        7,  174,  363, 1040, 2408,
        7,  198,  533, 1175, 2833,
        7,  189,  628, 1142, 2638,
    # pa  6
        7,  254,  450, 1247, 2169,
        7,  265,  398, 1117, 2047,
        7,  211,  317, 1486, 2238,
        7,  158,  237, 1474, 2211,
        7,  301,  524, 1159, 2062,
        7,  190,  308,  438, 1750,
        7,  173,  265,  438, 1750,
        7,  114,  183,  438, 1750,
        7,  139,  283,  438, 1750,
        7,  129,  292,  510, 1750,
        7,  135,  263,  470, 1782,
        7,  199,  326,  438, 1805,
        7,  146,  243,  438, 1750,
        7,   67,  130,  438, 1750,
        7,  150,  224,  438, 1750,
        7,  146,  247,  449, 1750,
        7,   83,  147,  438, 1750,
        7,  146,  221,  438, 1750,
        7,  190,  359,  558, 1761,
        7,  101,  446, 1013, 1750,
    # pa  7
        7,  169,  228,  438, 1750,
        7,  113,  267,  438, 1750,
        7,  187,  295,  689, 1750,
        7,  189,  258,  593, 1750,
        7,  164,  206,  438, 1750,
        7,  204,  265,  438, 1750,
        7,  154,  246,  438, 1750,
        7,  201,  244,  438, 1750,
        7,  130,  307,  438, 1750,
        7,  183,  296,  487, 1750,
        7,  183,  239,  449, 1750,
        7,  119,  187,  438, 1750,
        7,  163,  270,  438, 1750,
        7,  180,  228,  438, 1750,
        7,  175,  240,  438, 1750,
        7,  174,  249,  459, 1750,
        7,  143,  221,  438, 1750,
        7,  192,  212,  438, 1750,
        7,  164,  292,  438, 1750,
        7,  150,  217,  438, 1750,
    # pa  8
        7,  121,  212,  438, 1750,
        7,  124,  211,  438, 1750,
        7,  173,  266,  438, 1750,
        7,  162,  240,  438, 1750,
        7,  179,  259,  453, 1750,
        7,  203,  272,  438, 1750,
        7,  182,  233,  438, 1750,
        7,  206,  268,  438, 1750,
        7,  176,  267,  438, 1750,
        7,  198,  293,  438, 1750,
        7,  175,  283,  438, 1750,
        7,  170,  221,  438, 1750,
        7,  176,  256,  438, 1750,
        7,  129,  184,  438, 1750,
        7,  168,  203,  438, 1750,
        7,  186,  267,  438, 1750,
        7,  183,  265,  438, 1750,
        7,  186,  298,  438, 1750,
        7,  167,  247,  438, 1750,
        7,  171,  206,  438, 1750,
    # pa  9
        7,  130,  299, 1019, 1750,
        7,  179,  332,  927, 1750,
        7,  180,  354, 1009, 1803,
        7,  169,  251,  844, 1750,
        7,  176,  312, 1330, 2289,
        7,  190,  312, 1393, 2144,
        7,  178,  288, 1403, 2322,
        7,  165,  267, 1078, 1800,
        7,  100,  355, 1231, 1817,
        7,  184,  374, 1203, 1795,
        7,  159,  470, 1376, 1927,
        7,  189,  405, 1200, 1750,
        7,  143,  387, 1031, 1750,
        7,  122,  359,  833, 1750,
        7,  173,  334,  801, 1750,
        7,  184,  261,  691, 1750,
        7,  167,  241,  570, 1750,
        7,  204,  267,  549, 1750,
        7,  201,  266,  520, 1750,
        7,  204,  247,  550, 1750,
    # pa 10
        7,  167,  461, 1220, 3544,
        7,  171,  466,  795, 3716,
        7,  171,  482, 1085, 3481,
        7,  155,  401,  826, 2209,
        7,  172,  475,  741, 3234,
        7,  170,  464,  734, 2659,
        7,  172,  469,  740, 3228,
        7,  170,  460,  885, 3404,
        7,  179,  485,  852, 3924,
        7,  192,  524,  982, 4202,
        7,  193,  538, 1048, 4459,
        7,  178,  486,  696, 3463,
        7,  170,  475,  923, 3767,
        7,  153,  420,  797, 2482,
        7,  185,  410,  885, 2909,
        7,  144,  399,  615, 2720,
        7,  155,  352,  742, 2447,
        7,  127,  332,  603, 1885,
        7,  127,  338,  787, 1968,
        7,  145,  417,  839, 2788,
    # pa 11
        7,  241,  585, 1931, 2539,
        7,  134,  344, 1342, 1858,
        7,  208,  467, 1701, 2434,
        7,  127,  321, 1089, 1816,
        7,  177,  414, 1557, 2131,
        7,  152,  290, 1019, 1941,
        7,  134,  479, 1296, 1805,
        7,  185,  321, 1009, 2316,
        7,  129,  321, 1151, 1941,
        7,  185,  479, 1401, 2378,
        7,  152,  347, 1183, 2066,
        7,  190,  490, 1690, 2361,
        7,  153,  290,  897, 2003,
        7,  176,  505, 1577, 2123,
        7,  250,  583, 1970, 2552,
        7,  248,  572, 1970, 2643,
        7,  249,  580, 1974, 2619,
        7,  149,  386, 1417, 1951,
        7,  154,  479, 1517, 2066,
        7,  154,  437, 1583, 1958,
    # pa 12
        7,   29,  109,  438, 1750,
        7,   27,  109,  438, 1750,
        7,   27,  109,  438, 1750,
        7,   27,  109,  438, 1750,
        7,   27,  109,  438, 1750,
        7,   27,  109,  438, 1750,
        7,   27,  109,  438, 1750,
        7,   27,  109,  438, 1750,
        7,   27,  109,  438, 1750,
        7,   27,  109,  438, 1750,
        7,   27,  109,  438, 1750,
        7,   27,  109,  438, 1750,
        7,   27,  109,  438, 1750,
        7,   27,  109,  438, 1750,
        7,   27,  109,  438, 1750,
        7,   27,  109,  438, 1750,
        7,   27,  109,  438, 1750,
        7,   27,  109,  438, 1750,
        7,   27,  109,  438, 1750,
        7,   31,  109,  438, 1750,
    # pa 13
        7,   38,  129,  438, 1750,
        7,   27,  109,  438, 1750,
        7,   27,  109,  438, 1750,
        7,   27,  109,  438, 1750,
        7,   27,  109,  438, 1750,
        7,   27,  109,  438, 1750,
        7,   39,  134,  438, 1750,
        7,   36,  132,  438, 1750,
        7,   27,  109,  438, 1750,
        7,   27,  109,  438, 1750,
        7,   33,  109,  438, 1750,
        7,   27,  109,  438, 1750,
        7,   27,  109,  438, 1750,
        7,   28,  109,  438, 1750,
        7,   51,  184,  474, 1750,
        7,   53,  182,  474, 1750,
        7,   51,  181,  438, 1750,
        7,   42,  153,  500, 1750,
        7,   53,  188,  585, 1750,
        7,   85,  293,  744, 1750,
